
data = [[[0, 0, 2],[10, 33, 25],[10, 40, 27],[6, 22, 21],[3, 21, 17],[9, 32, 25],[29, 6, 2],[5, 11, 13],[5, 27, 19],
],[[1, 2, 5],[31, 39, 37],[48, 59, 56],[36, 41, 44],[40, 40, 51],[41, 49, 48],[48, 58, 57],[29, 34, 36],[42, 54, 49],
],[[28, 31, 37],[41, 52, 45],[40, 54, 47],[35, 44, 38],[36, 35, 43],[28, 36, 35],[43, 56, 47],[33, 32, 33],[8, 37, 24],
],[[19, 11, 16],[25, 6, 3],[37, 10, 3],[36, 11, 3],[27, 5, 2],[28, 6, 3],[42, 14, 4],[28, 10, 3],[33, 10, 3],
],[[1, 1, 3],[23, 27, 19],[27, 42, 21],[20, 26, 16],[13, 20, 11],[29, 41, 22],[23, 35, 18],[30, 40, 21],[38, 54, 27],
],[[3, 3, 7],[2, 4, 6],[47, 59, 49],[3, 6, 7],[0, 2, 4],[4, 7, 6],[4, 7, 7],[4, 7, 6],[3, 7, 6],
],]

data2 = [[[17, 17, 25],[33, 38, 39],[43, 59, 49],[34, 42, 37],[37, 38, 44],[36, 48, 40],[46, 61, 48],[44, 54, 44],[12, 48, 29],
],[[32, 31, 42],[38, 42, 45],[44, 58, 50],[39, 51, 44],[43, 45, 55],[33, 41, 39],[6, 10, 9],[44, 58, 51],[52, 66, 58],
],[[3, 4, 9],[3, 6, 7],[51, 65, 53],[3, 5, 7],[0, 2, 4],[4, 8, 7],[4, 8, 7],[3, 6, 6],[4, 8, 7],
],[[1, 1, 3],[37, 11, 4],[51, 61, 48],[32, 11, 3],[26, 5, 2],[31, 9, 3],[33, 10, 3],[35, 9, 3],[40, 13, 4],
],[[4, 12, 16],[9, 36, 24],[10, 40, 26],[12, 41, 27],[3, 18, 15],[10, 40, 27],[35, 12, 4],[11, 35, 24],[12, 44, 28],
],[[9, 9, 13],[30, 42, 23],[29, 43, 21],[37, 55, 28],[9, 13, 7],[26, 36, 19],[38, 56, 28],[30, 43, 22],[38, 55, 27],
],]


